THE 42 TICKETS FROM THE STORY OF 26
==================================================

Main Prediction: [13, 26, 27, 30, 31, 38]

All 42 combinations (max 3 circle swaps):
--------------------------------------------------
 1. [13, 26, 27, 30, 31, 38]
 2. [26, 27, 30, 31, 34, 38]
 3. [5, 13, 27, 30, 31, 38]
 4. [6, 13, 26, 30, 31, 38]
 5. [9, 13, 26, 27, 31, 38]
 6. [10, 13, 26, 27, 30, 38]
 7. [13, 17, 26, 27, 30, 31]
 8. [5, 27, 30, 31, 34, 38]
 9. [6, 26, 30, 31, 34, 38]
10. [9, 26, 27, 31, 34, 38]
11. [10, 26, 27, 30, 34, 38]
12. [17, 26, 27, 30, 31, 34]
13. [5, 6, 13, 30, 31, 38]
14. [5, 9, 13, 27, 31, 38]
15. [5, 10, 13, 27, 30, 38]
16. [5, 13, 17, 27, 30, 31]
17. [6, 9, 13, 26, 31, 38]
18. [6, 10, 13, 26, 30, 38]
19. [6, 13, 17, 26, 30, 31]
20. [9, 10, 13, 26, 27, 38]
21. [9, 13, 17, 26, 27, 31]
22. [10, 13, 17, 26, 27, 30]
23. [5, 6, 30, 31, 34, 38]
24. [5, 9, 27, 31, 34, 38]
25. [5, 10, 27, 30, 34, 38]
26. [5, 17, 27, 30, 31, 34]
27. [6, 9, 26, 31, 34, 38]
28. [6, 10, 26, 30, 34, 38]
29. [6, 17, 26, 30, 31, 34]
30. [9, 10, 26, 27, 34, 38]
31. [9, 17, 26, 27, 31, 34]
32. [10, 17, 26, 27, 30, 34]
33. [5, 6, 9, 13, 31, 38]
34. [5, 6, 10, 13, 30, 38]
35. [5, 6, 13, 17, 30, 31]
36. [5, 9, 10, 13, 27, 38]
37. [5, 9, 13, 17, 27, 31]
38. [5, 10, 13, 17, 27, 30]
39. [6, 9, 10, 13, 26, 38]
40. [6, 9, 13, 17, 26, 31]
41. [6, 10, 13, 17, 26, 30]
42. [9, 10, 13, 17, 26, 27]
--------------------------------------------------

Total: 42 tickets

Circle Partners:
13 ↔ 34
26 ↔ 5
27 ↔ 6
30 ↔ 9
31 ↔ 10
38 ↔ 17
